mgc_rve_context_lcv "terza_esperienza" "diff" "layout" 1000
mgc_rve_highlight_index 0 "rve" "#FFFF00000000"
mgc_rve_layer "PLY_C"
mp 80 -13.56 53.52 -1.16 53.52 -1.16 60.53 -1.4 60.53 -1.4 53.76 -1.8 53.76 -1.8 60.53 -2.04 60.53 -2.04 53.76 -2.44 53.76 -2.44 60.53 -2.68 60.53 -2.68 53.76 -3.08 53.76 -3.08 60.53 -3.32 60.53 -3.32 53.76 -3.72 53.76 -3.72 60.53 -3.96 60.53 -3.96 53.76 -4.36 53.76 -4.36 60.53 -4.6 60.53 -4.6 53.76 -5 53.76 -5 60.53 -5.24 60.53 -5.24 53.76 -5.64 53.76 -5.64 60.53 -5.88 60.53 -5.88 53.76 -6.28 53.76 -6.28 60.53 -6.52 60.53 -6.52 53.76 -6.92 53.76 -6.92 60.53 -7.16 60.53 -7.16 53.76 -7.56 53.76 -7.56 60.53 -7.8 60.53 -7.8 53.76 -8.2 53.76 -8.2 60.53 -8.44 60.53 -8.44 53.76 -8.84 53.76 -8.84 60.53 -9.08 60.53 -9.08 53.76 -9.48 53.76 -9.48 60.53 -9.72 60.53 -9.72 53.76 -10.12 53.76 -10.12 60.53 -10.36 60.53 -10.36 53.76 -10.76 53.76 -10.76 60.53 -11 60.53 -11 53.76 -11.4 53.76 -11.4 60.53 -11.64 60.53 -11.64 53.76 -12.04 53.76 -12.04 60.53 -12.28 60.53 -12.28 53.76 -12.68 53.76 -12.68 60.53 -12.92 60.53 -12.92 53.76 -13.32 53.76 -13.32 60.53 -13.56 60.53
mgc_rve_layer "ME1_C"
mp 8 -13.92 50.42 -13.9 50.42 -13.9 47.52 -13.62 47.52 -13.62 50.42 -13.6 50.42 -13.6 50.74 -13.92 50.74
mp 8 -13.92 52.46 -13.6 52.46 -13.6 52.78 -13.62 52.78 -13.62 60.35 -13.9 60.35 -13.9 52.78 -13.92 52.78
mp 8 -11.36 50.42 -11.34 50.42 -11.34 47.52 -11.06 47.52 -11.06 50.42 -11.04 50.42 -11.04 50.74 -11.36 50.74
mp 8 -11.36 52.46 -11.04 52.46 -11.04 52.78 -11.06 52.78 -11.06 60.35 -11.34 60.35 -11.34 52.78 -11.36 52.78
mp 8 -8.8 50.42 -8.78 50.42 -8.78 47.52 -8.5 47.52 -8.5 50.42 -8.48 50.42 -8.48 50.74 -8.8 50.74
mp 8 -8.8 52.46 -8.48 52.46 -8.48 52.78 -8.5 52.78 -8.5 60.35 -8.78 60.35 -8.78 52.78 -8.8 52.78
mp 8 -6.24 50.42 -6.22 50.42 -6.22 47.52 -5.94 47.52 -5.94 50.42 -5.92 50.42 -5.92 50.74 -6.24 50.74
mp 8 -6.24 52.46 -5.92 52.46 -5.92 52.78 -5.94 52.78 -5.94 60.35 -6.22 60.35 -6.22 52.78 -6.24 52.78
mp 8 -3.68 50.42 -3.66 50.42 -3.66 47.52 -3.38 47.52 -3.38 50.42 -3.36 50.42 -3.36 50.74 -3.68 50.74
mp 8 -3.68 52.46 -3.36 52.46 -3.36 52.78 -3.38 52.78 -3.38 60.35 -3.66 60.35 -3.66 52.78 -3.68 52.78
mp 8 -1.12 50.42 -1.1 50.42 -1.1 47.52 -0.82 47.52 -0.82 50.42 -0.8 50.42 -0.8 50.74 -1.12 50.74
mp 8 -1.12 52.46 -0.8 52.46 -0.8 52.78 -0.82 52.78 -0.82 60.35 -1.1 60.35 -1.1 52.78 -1.12 52.78
mgc_rve_layer "ME2_C"
mp 12 -13.86 50.48 -7.52 50.48 -7.52 50.42 -7.2 50.42 -7.2 50.48 -0.86 50.48 -0.86 50.68 -7.2 50.68 -7.2 50.74 -7.52 50.74 -7.52 50.68 -13.86 50.68
mp 12 -13.86 52.52 -7.52 52.52 -7.52 52.46 -7.2 52.46 -7.2 52.52 -0.86 52.52 -0.86 52.72 -7.2 52.72 -7.2 52.78 -7.52 52.78 -7.52 52.72 -13.86 52.72
mgc_rve_layer "ME3_C"
mr -7.46 50.48 -7.26 52.72
mgc_rve_layer "PSD_C"
mr -13.9 54.35 -13.56 60.35
mr -11.4 54.35 -11 60.35
mr -8.84 54.35 -8.44 60.35
mr -6.28 54.35 -5.88 60.35
mr -3.72 54.35 -3.32 60.35
mr -1.16 54.35 -0.82 60.35
mgc_rve_layer "NSD_C"
mr -13.9 47.52 -13.56 48.845
mr -11.4 47.52 -11 48.845
mr -8.84 47.52 -8.44 48.845
mr -6.28 47.52 -5.88 48.845
mr -3.72 47.52 -3.32 48.845
mr -1.16 47.52 -0.82 48.845
mgc_rve_zoom -16.731 44.733 2.011 63.317 1
